2,45.79583015387198 15.968902124439765
4,45.78576541258952 15.96940040588379
5,45.79427263421367 15.979871749877931
6,""
7,45.785286093860776 15.981588363647463
8,45.794392444963634 15.980558395385744
9,45.79415282320613 15.979185104370119
10,45.80361709920015 15.973863601684572
11,45.78552575374031 15.950846585385772
12,45.787323169995105 15.973226547452686
13,45.784087779008175 15.977399245552412
15,45.80960631660826 15.977570955710664
16,45.794991494849775 15.980537269434835
18,45.79031873496218 15.978763414465883
19,45.794991494849775 15.978829780033966
20,45.77641795399438 15.953743568034064
21,45.78085220024346 16.002005888205442
25,45.78516556295451 15.951253131992832
26,45.7981063124525 15.97355533435715
27,45.79439214550871 15.980254049316198
28,45.78420686938945 15.970635381682696
30,45.79535066390327 15.980096809191796
31,45.7804917761025 15.982439482154215
32,45.788041544729495 15.975050649562846
33,45.7935537643047 15.979384905208153
35,45.78852141530055 15.967421704028025
36,45.7886412384144 15.968281159918003
39,45.80182020840869 15.947291309387571
40,45.80673157261641 15.95380910982026
41,45.80062224901712 15.94506214501188
42,45.79247544205455 15.954234807316155
43,45.81008469285481 15.758145092446217
44,45.80277855737632 15.938359969126724
45,45.797866844665414 15.941813368118096
46,45.80086184295607 15.996688641768648
47,45.78456710804021 15.931661463931082
48,45.79499122143731 15.945742426245227
49,45.813918703656014 16.00689082997433
